noise:
  gyroscope_std: 0.03 #0.000061087
  accelerometer_std: 0.05 #0.0013734
  gyroscope_bias_std: 0.03
  accelerometer_bias_std: 0.03
  contact_std: 0.002 #0.0001

